MEMORY
  total            15.9 MB
  struct          159.2 KB
  buffer            1.7 MB
  arena            14.0 MB, used 0.4%

SIZES
  narena                14680064
  nbuffer               1789328
  nplugin               0
  maxuse_stack          10688
  maxuse_arena          60880
  maxuse_con            8
  maxuse_efc            56
  ncon                  5
  ne                    0
  nf                    22
  nl                    2
  nefc                  44
  nJ                    1232
  nA                    0
  nisland               0
  nidof                 0
  threadpool            0

TIMER
    0:  duration =  7.9        number = 80
    1:  duration =  7.8        number = 80
    2:  duration =  0          number = 0
    3:  duration =  6.7        number = 80
    4:  duration =  0.17       number = 80
    5:  duration =  0.034      number = 80
    6:  duration =  0.72       number = 80
    7:  duration =  0.021      number = 80
    8:  duration =  0.26       number = 80
    9:  duration =  0.15       number = 80
    10:  duration =  5.9        number = 80
    11:  duration =  0.3        number = 80
    12:  duration =  0.0044     number = 80
    13:  duration =  0.2        number = 80
    14:  duration =  0.22       number = 80

SOLVER STAT
  solver_fwdinv =   0         0       
  ISLAND 0
    solver_niter = 1
    solver_nnz = 784
      0:  improvement =  6e-07       gradient =  3.8e-17     lineslope =  0       
          nactive = 44   nchange = 0   neval = 2   nupdate = 0

ENERGY =   0         0       

TIME =  26      

QPOS
  -0.037   
  -0.011   
  -0.044   
   1       
  -0.002   
   0.027   
   0.058   
  -0.0019  
   0.031   
   0.0025  
  -0.0094  
   0.0042  
  -0.018   
  -0.027   
   0.0042  
   0.0094  
   0.012   
   0.011   
   0.0082  
  -0.22    
   0.32    
  -0.15    
   0.002   
  -0.016   
   0.0081  
  -0.17    
   0.29    
  -0.18    
   0.0013  

QVEL
  -0.0028  
   0.014   
  -0.00021 
   0.02    
  -0.00052 
   0.015   
  -0.0006  
   0.00087 
   0.0022  
   0.00013 
   0.0006  
  -0.00051 
   0.0011  
   0.00024 
   0.00015 
  -0.0021  
  -0.029   
  -0.0087  
   0.047   
  -0.11    
   0.063   
  -0.019   
  -0.025   
  -0.0094  
  -0.048   
   0.095   
  -0.047   
   0.0026  

QACC_WARMSTART
   0.00042 
   0.024   
   0.0019  
   0.12    
  -0.028   
   0.24    
   0.015   
   0.013   
  -0.0047  
  -0.0077  
  -0.0027  
   0.0064  
   0.012   
  -0.002   
  -0.0038  
  -0.00074 
  -0.17    
   0.14    
  -0.47    
   0.78    
  -0.26    
   0.18    
  -0.1     
   0.086   
   0.4     
  -0.74    
   0.5     
   0.09    

CTRL
   0.15    
   0.93    
  -0.00018 
  -4       
  -0.0088  
  -0.2     
  -0.79    
   0.012   
   4       
   0.00044 
   2.5     
   2.4     
   1.2     
  -0.48    
   2       
   3.1     
  -0.8     
  -1.3     
  -0.67    
  -1.5     
  -0.47    
  -1.7     

QFRC_APPLIED
   0       
   0       
   0       
   0       
   0       
   0       
   0       
   0       
   0       
   0       
   0       
   0       
   0       
   0       
   0       
   0       
   0       
   0       
   0       
   0       
   0       
   0       
   0       
   0       
   0       
   0       
   0       
   0       

XFRC_APPLIED
   0         0         0         0         0         0       
   0         0         0         0         0         0       
   0         0         0         0         0         0       
   0         0         0         0         0         0       
   0         0         0         0         0         0       
   0         0         0         0         0         0       
   0         0         0         0         0         0       
   0         0         0         0         0         0       
   0         0         0         0         0         0       
   0         0         0         0         0         0       
   0         0         0         0         0         0       
   0         0         0         0         0         0       
   0         0         0         0         0         0       
   0         0         0         0         0         0       
   0         0         0         0         0         0       
   0         0         0         0         0         0       
   0         0         0         0         0         0       
   0         0         0         0         0         0       
   0         0         0         0         0         0       
   0         0         0         0         0         0       
   0         0         0         0         0         0       
   0         0         0         0         0         0       
   0         0         0         0         0         0       
   0         0         0         0         0         0       
   0         0         0         0         0         0       
   0         0         0         0         0         0       
   0         0         0         0         0         0       

QACC
   0.00042 
   0.024   
   0.0019  
   0.12    
  -0.028   
   0.24    
   0.015   
   0.013   
  -0.0047  
  -0.0077  
  -0.0027  
   0.0064  
   0.012   
  -0.002   
  -0.0038  
  -0.00074 
  -0.17    
   0.14    
  -0.47    
   0.78    
  -0.26    
   0.18    
  -0.1     
   0.086   
   0.4     
  -0.74    
   0.5     
   0.09    

SENSOR
  -0.0019  
   0.031   
   0.0025  
  -0.0094  
   0.0042  
  -0.018   
  -0.027   
   0.0042  
   0.0094  
   0.012   
   0.011   
   0.0082  
  -0.22    
   0.32    
  -0.15    
   0.002   
  -0.016   
   0.0081  
  -0.17    
   0.29    
  -0.18    
   0.0013  
  -0.0006  
   0.00086 
   0.0022  
   0.00013 
   0.0006  
  -0.00052 
   0.001   
   0.00024 
   0.00015 
  -0.0021  
  -0.029   
  -0.0088  
   0.048   
  -0.11    
   0.064   
  -0.019   
  -0.025   
  -0.0094  
  -0.048   
   0.095   
  -0.048   
   0.0026  
   0.15    
   0.93    
  -0.00018 
  -4       
  -0.0088  
  -0.2     
  -0.79    
   0.012   
   4       
   0.00044 
   2.5     
   2.4     
   1.2     
  -0.48    
   2       
   3.1     
  -0.8     
  -1.3     
  -0.67    
  -1.5     
  -0.47    
  -1.7     
   1       
  -0.002   
   0.027   
   0.058   
   0.02    
  -0.0005  
   0.015   
  -0.55    
  -0.054   
   9.8     
   0.061   
   0.0014  
   0.64    
  -0.0017  
   0.0011  
  -0.00015 

XPOS
   0         0         0       
  -0.037    -0.011    -0.044   
   0.061     0.0014    0.63    
  -0.011     0.13      0.72    
   0.0091    0.17      0.72    
  -0.026     0.2       0.6     
  -0.028     0.19      0.55    
  -0.041     0.25      0.44    
  -0.041     0.25      0.44    
   0.02     -0.14      0.72    
   0.05     -0.18      0.72    
   0.02     -0.22      0.6     
   0.016    -0.21      0.55    
   0.014    -0.27      0.44    
   0.014    -0.27      0.44    
  -0.046     0.069     0.5     
  -0.066     0.067     0.44    
  -0.029     0.045     0.41    
  -0.0015    0.032     0.26    
  -0.025     0.028     0.099   
   0.002     0.057     0.05    
  -0.027    -0.09      0.5     
  -0.048    -0.092     0.44    
  -0.016    -0.062     0.41    
  -0.00065  -0.044     0.26    
  -0.03     -0.045     0.099   
   0.0029   -0.067     0.05    

XQUAT
   1         0         0         0       
   1        -0.002     0.027     0.058   
   1        -0.002     0.027     0.058   
   0.7      -0.71     -0.023     0.06    
   0.58     -0.47      0.56     -0.38    
   0.077    -0.74      0.66      0.13    
   0.01     -0.065     0.8      -0.6     
  -0.039    -0.051     0.99      0.14    
  -0.73     -0.073    -0.13      0.66    
  -0.016     0.067    -0.7       0.71    
  -0.44      0.61     -0.4       0.52    
   0.084     0.65      0.74     -0.12    
  -0.59      0.8       0.02     -0.065   
  -0.031    -0.054     0.99     -0.15    
  -0.74      0.13      0.082     0.66    
   0.91     -0.022     0.41      0.058   
   0.27     -0.7       0.62     -0.23    
   0.71     -0.7      -0.1      -0.019   
   0.094    -0.011    -0.7      -0.71    
  -0.71      0.7       0.041    -0.042   
  -0.53      0.53     -0.47      0.47    
  -0.046     0.41      0.027     0.91    
  -0.26      0.69     -0.63      0.24    
  -0.7       0.71      0.075     0.0044  
  -0.7       0.71     -0.029    -0.099   
  -0.7       0.71      0.036    -0.035   
  -0.52      0.53     -0.47      0.48    

XMAT
   1         0         0         0         1         0         0         0         1       
   0.99     -0.12      0.054     0.12      0.99      0.0071   -0.054    -0.00083   1       
   0.99     -0.12      0.054     0.12      0.99      0.0071   -0.054    -0.00083   1       
   0.99     -0.052    -0.12      0.12     -0.0069    0.99     -0.052    -1        -0.00083 
   0.097    -0.083     0.99     -0.95      0.28      0.12     -0.29     -0.96     -0.052   
   0.094    -0.99     -0.083    -0.95     -0.11      0.28     -0.29      0.053    -0.96    
  -0.99     -0.092     0.094    -0.12      0.28     -0.95      0.062    -0.96     -0.29    
  -0.99     -0.09     -0.092    -0.11      0.95      0.28      0.063     0.29     -0.96    
   0.09      0.99      0.092    -0.95      0.11     -0.28     -0.29     -0.063     0.96    
  -0.99     -0.071     0.12     -0.12     -0.0092   -0.99      0.072    -1         0.00083 
   0.13     -0.035     0.99     -0.95     -0.29      0.12      0.28     -0.96     -0.072   
  -0.13      0.99     -0.035     0.95      0.11     -0.29     -0.28     -0.071    -0.96    
   0.99     -0.045    -0.13      0.11     -0.29      0.95     -0.08     -0.96     -0.28    
  -0.99     -0.12     -0.045    -0.098     0.95     -0.29      0.076    -0.29     -0.96    
   0.12      0.99      0.045    -0.95      0.098     0.29      0.29     -0.076     0.96    
   0.66     -0.12      0.74      0.088     0.99      0.087    -0.74      0.0072    0.67    
   0.12     -0.74      0.66     -0.99     -0.079     0.088    -0.013    -0.67     -0.74    
   0.98      0.17     -0.12      0.11      0.032     0.99      0.17     -0.99      0.013   
  -0.98      0.15     -0.12     -0.12      0.0049    0.99      0.15      0.99      0.013   
   0.99     -0.0012   -0.12      0.12      0.013     0.99      0.00033  -1         0.013   
   0.12     -0.0014    0.99     -0.99      0.015     0.12     -0.015    -1         0.00033 
  -0.67      0.11      0.74     -0.061    -0.99      0.087     0.74      0.013     0.67    
   0.1      -0.74      0.67     -1        -0.079     0.061     0.0077   -0.67     -0.74    
   0.99      0.11     -0.1       0.1       0.0036    1         0.11     -0.99     -0.0077  
   0.98     -0.18     -0.1       0.097    -0.025     1        -0.18     -0.98     -0.0077  
   1         0.0016   -0.1       0.1      -0.0075    1         0.00084  -1        -0.0077  
   0.1       0.0015    1        -1        -0.0063    0.1       0.0064   -1         0.00084 

XIPOS
   0         0         0       
  -0.0036   -0.0059    0.63    
   0.061     0.0014    0.63    
  -0.022     0.17      0.72    
  -0.025     0.19      0.65    
  -0.03      0.22      0.56    
  -0.037     0.24      0.49    
  -0.042     0.25      0.44    
  -0.033     0.27      0.39    
   0.018    -0.18      0.72    
   0.02     -0.2       0.65    
   0.02     -0.24      0.57    
   0.016    -0.25      0.49    
   0.013    -0.27      0.44    
   0.024    -0.28      0.39    
  -0.083     0.065     0.47    
  -0.036     0.075     0.41    
  -0.0081    0.07      0.29    
  -0.021     0.057     0.15    
  -0.015     0.057     0.072   
   0.022     0.06      0.027   
  -0.064    -0.094     0.47    
  -0.016    -0.094     0.41    
   0.0031   -0.083     0.29    
  -0.018    -0.072     0.15    
  -0.014    -0.071     0.072   
   0.023    -0.066     0.027   

XIMAT
   1         0         0         0         1         0         0         0         1       
   0.99     -0.12      0.091     0.12      0.99      0.0093   -0.092     0.0014    1       
   0.054    -0.99      0.12      0.0071   -0.12     -0.99      1         0.054     0.00083 
  -0.082     0.49      0.87     -0.033     0.87     -0.5      -1        -0.07     -0.055   
   0.096     1         0.007    -0.95      0.094    -0.29     -0.29      0.021     0.96    
  -0.99     -0.081     0.099    -0.092    -0.077    -0.99      0.088    -0.99      0.068   
  -0.99      0.1       0.086    -0.12     -0.97     -0.21      0.063    -0.21      0.97    
  -0.99     -0.09     -0.092    -0.11      0.95      0.28      0.063     0.29     -0.96    
   0.21      0.91      0.36     -0.92      0.3      -0.24     -0.33     -0.28      0.9     
  -0.071     0.7      -0.71     -0.025    -0.71     -0.7      -1        -0.032     0.068   
   0.13      0.99     -0.041    -0.95      0.14      0.28      0.29      0.0015    0.96    
   0.99     -0.026    -0.12      0.11     -0.2       0.97     -0.049    -0.98     -0.19    
   0.99     -0.12      0.053     0.11      0.97      0.22     -0.078    -0.21      0.97    
  -0.99     -0.12     -0.045    -0.098     0.95     -0.29      0.076    -0.29     -0.96    
   0.23      0.92      0.31     -0.94      0.14      0.3       0.24     -0.37      0.9     
   0.6      -0.19      0.78      0.16      0.98      0.12     -0.78      0.051     0.62    
   0.18     -0.76      0.63     -0.98     -0.1       0.16     -0.057    -0.64     -0.76    
   0.99     -0.083    -0.12      0.099     0.99      0.14      0.11     -0.15      0.98    
  -0.98     -0.11     -0.15     -0.11      0.99      0.021     0.15      0.037    -0.99    
   0.91      0.41     -0.013     0.073    -0.13      0.99      0.4      -0.9      -0.15    
   0.12      0.11      0.99     -0.99      0.034     0.11     -0.021    -0.99      0.11    
  -0.62      0.056     0.78     -0.0084   -1         0.064     0.78      0.034     0.62    
   0.061    -0.76      0.65     -1        -0.094    -0.016     0.073    -0.64     -0.76    
   0.99     -0.15     -0.032     0.14      0.98     -0.16      0.055     0.15      0.99    
   0.98     -0.1       0.18      0.092     0.99      0.051    -0.18     -0.034     0.98    
   0.91      0.37     -0.2       0.12      0.22      0.97      0.4      -0.9       0.15    
   0.1       0.11      0.99     -1         0.011     0.099    -0.00015  -0.99      0.11    

XANCHOR
  -0.037    -0.011    -0.044   
  -0.011     0.13      0.72    
   0.0091    0.17      0.72    
  -0.026     0.2       0.6     
  -0.028     0.19      0.55    
  -0.041     0.25      0.44    
   0.02     -0.14      0.72    
   0.05     -0.18      0.72    
   0.02     -0.22      0.6     
   0.016    -0.21      0.55    
   0.014    -0.27      0.44    
  -0.046     0.069     0.5     
  -0.066     0.067     0.44    
  -0.029     0.045     0.41    
  -0.0015    0.032     0.26    
  -0.025     0.028     0.099   
   0.002     0.057     0.05    
  -0.027    -0.09      0.5     
  -0.048    -0.092     0.44    
  -0.016    -0.062     0.41    
  -0.00065  -0.044     0.26    
  -0.03     -0.045     0.099   
   0.0029   -0.067     0.05    

XAXIS
   0         0         1       
  -0.12      0.99     -0.00083 
   0.99      0.12     -0.052   
  -0.083     0.28     -0.96    
   0.094    -0.95     -0.29    
  -0.092     0.28     -0.96    
   0.12     -0.99      0.00083 
   0.99      0.12     -0.072   
  -0.035    -0.29     -0.96    
  -0.13      0.95     -0.28    
  -0.045    -0.29     -0.96    
   0.74      0.087     0.67    
   0.66      0.088    -0.74    
  -0.12      0.99      0.013   
  -0.12      0.99      0.013   
  -0.12      0.99      0.013   
   0.99      0.12      0.00033 
   0.74      0.087     0.67    
   0.67      0.061    -0.74    
  -0.1       1        -0.0077  
  -0.1       1        -0.0077  
  -0.1       1        -0.0077  
   1         0.1       0.00084 

GEOM_XPOS
   0         0         0       
   0.0014   -0.0056    0.67    
  -0.0017   -0.0057    0.65    
   0.061     0.0013    0.63    
  -0.025     0.17      0.72    
  -0.025     0.19      0.65    
  -0.024     0.19      0.63    
  -0.031     0.23      0.57    
  -0.037     0.24      0.49    
  -0.041     0.25      0.45    
  -0.042     0.25      0.44    
  -0.033     0.27      0.39    
   0.015    -0.18      0.72    
   0.019    -0.2       0.65    
   0.022    -0.21      0.64    
   0.02     -0.24      0.57    
   0.016    -0.25      0.5     
   0.014    -0.26      0.45    
   0.013    -0.27      0.44    
   0.025    -0.28      0.39    
  -0.09      0.063     0.47    
  -0.035     0.082     0.41    
  -0.02      0.076     0.37    
  -0.0094    0.075     0.29    
  -0.021     0.053     0.14    
  -0.022     0.062     0.14    
  -0.017     0.059     0.076   
   0.0079    0.058     0.02    
   0.023     0.06      0.032   
  -0.071    -0.094     0.47    
  -0.014    -0.1       0.41    
  -0.0025   -0.091     0.37    
   0.0027   -0.088     0.29    
  -0.019    -0.069     0.14    
  -0.018    -0.078     0.14    
  -0.015    -0.073     0.076   
   0.0089   -0.067     0.02    
   0.024    -0.065     0.032   

GEOM_XMAT
   1         0         0         0         1         0         0         0         1       
   0.12      0.99      0.054    -0.99      0.12      0.0071    0.00083  -0.054     1       
   0.99     -0.12      0.077     0.12      0.99      0.0075   -0.078     0.0016    1       
   0.054    -0.99      0.12      0.0071   -0.12     -0.99      1         0.054     0.00083 
   0.051    -0.44      0.9       0.027    -0.9      -0.44      1         0.047    -0.034   
  -0.097    -0.99     -0.069     0.95     -0.072    -0.29      0.29     -0.094     0.95    
  -0.094    -0.99      0.083     0.95     -0.11     -0.28      0.29      0.053     0.96    
   0.99      0.063     0.13      0.12      0.12     -0.99     -0.077     0.99      0.11    
   0.99     -0.11      0.077     0.12      0.98     -0.13     -0.062     0.14      0.99    
  -0.99      0.09      0.092    -0.11     -0.95     -0.28      0.063    -0.29      0.96    
   0.99     -0.11      0.066     0.11      0.99     -0.023    -0.063     0.03      1       
  -0.17     -0.92      0.36      0.93     -0.27     -0.25      0.32      0.29      0.9     
   0.067     0.63      0.77      0.029    -0.77      0.63      1        -0.02     -0.071   
  -0.13     -0.98     -0.12      0.95     -0.16      0.27     -0.28     -0.075     0.96    
  -0.13     -0.99      0.035     0.95     -0.11      0.29     -0.28      0.071     0.96    
   0.99      0.032     0.12      0.12      0.11     -0.99     -0.044     0.99      0.1     
   0.99     -0.12      0.064     0.11      0.98      0.14     -0.08     -0.14      0.99    
  -0.99      0.12      0.045    -0.098    -0.95      0.29      0.076     0.29      0.96    
   0.99     -0.1       0.073     0.098     0.99      0.036    -0.076    -0.029     1       
  -0.2      -0.93      0.31      0.95     -0.1       0.3      -0.25      0.35      0.9     
   0.048    -0.47      0.88      0.92      0.37      0.14     -0.39      0.81      0.45    
   0.8      -0.33     -0.5       0.1       0.9      -0.43      0.6       0.29      0.75    
   0.12      0.98     -0.17     -0.99      0.11     -0.032    -0.013     0.17      0.99    
   0.99     -0.1      -0.13      0.12      0.99      0.12      0.12     -0.13      0.98    
   0.12      0.98      0.15     -0.99      0.12      0.0049   -0.013    -0.15      0.99    
   0.98     -0.11      0.15      0.12      0.99     -0.033    -0.15      0.05      0.99    
   0.92     -0.39     -0.045     0.062     0.26     -0.96      0.39      0.88      0.26    
   0.12      0.99      0.0014   -0.99      0.12     -0.015    -0.015     0.00033   1       
  -0.12     -0.14      0.98      0.99     -0.031     0.11      0.015     0.99      0.14    
  -0.26     -0.37      0.89      0.89     -0.46      0.064     0.39      0.81      0.45    
   0.8       0.13     -0.59      0.07      0.95      0.31      0.6      -0.29      0.75    
   0.1       0.99     -0.11     -1         0.1      -0.0036    0.0077    0.11      0.99    
   0.99     -0.1      -0.044     0.095     0.99     -0.14      0.058     0.14      0.99    
   0.1       0.98      0.18     -1         0.097     0.025     0.0077   -0.18      0.98    
   0.98     -0.11      0.18      0.099     0.99      0.063    -0.18     -0.044     0.98    
   0.91     -0.33      0.25      0.14     -0.34     -0.93      0.39      0.88     -0.26    
   0.1       1        -0.0015   -1         0.1       0.0063    0.0064    0.00084   1       
  -0.1      -0.14      0.98      1        -0.0079    0.099    -0.0064    0.99      0.14    

SITE_XPOS
   0.061     0.0014    0.64    

SITE_XMAT
   0.99     -0.12      0.054     0.12      0.99      0.0071   -0.054    -0.00083   1       

LIGHT_XPOS
   0         0         1.5     

LIGHT_XDIR
   0         0        -1       

SUBTREE_COM
  -0.012    -0.007     0.44    
  -0.012    -0.007     0.44    
   0.061     0.0014    0.63    
  -0.03      0.22      0.57    
  -0.031     0.23      0.53    
  -0.034     0.24      0.49    
  -0.036     0.25      0.45    
  -0.033     0.27      0.39    
  -0.033     0.27      0.39    
   0.019    -0.23      0.57    
   0.02     -0.24      0.53    
   0.02     -0.25      0.49    
   0.019    -0.26      0.45    
   0.024    -0.28      0.39    
   0.024    -0.28      0.39    
  -0.026     0.066     0.28    
  -0.012     0.066     0.23    
  -0.0032    0.063     0.16    
  -7.3e-05   0.058     0.084   
   0.017     0.059     0.033   
   0.022     0.06      0.027   
  -0.015    -0.082     0.28    
  -0.0025   -0.079     0.23    
   0.0023   -0.074     0.16    
   0.0018   -0.069     0.084   
   0.018    -0.066     0.033   
   0.023    -0.066     0.027   

CDOF
   0         0         0         1         0         0       
   0         0         0         0         1         0       
   0         0         0         0         0         1       
   0.99      0.12     -0.054     0.056    -0.48      0.00075 
  -0.12      0.99     -0.00083   0.48      0.056    -0.024   
   0.054     0.0071    1        -0.00014  -0.0018    2e-05   
  -0.12      0.99     -0.00083  -0.28     -0.033     0.017   
   0.99      0.12     -0.052    -0.042     0.28     -0.18    
  -0.083     0.28     -0.96     -0.25     -0.027     0.014   
   0.094    -0.95     -0.29      0.051     0.0063   -0.0043  
  -0.092     0.28     -0.96     -0.25     -0.028     0.016   
   0.12     -0.99      0.00083   0.28      0.033    -0.017   
   0.99      0.12     -0.072    -0.02      0.28      0.18    
  -0.035    -0.29     -0.96      0.25      0.026    -0.017   
  -0.13      0.95     -0.28     -0.052    -0.0065    0.0016  
  -0.045    -0.29     -0.96      0.25      0.025    -0.019   
   0.74      0.087     0.67      0.046     0.067    -0.059   
   0.66      0.088    -0.74     -0.056    -0.037    -0.054   
  -0.12      0.99      0.013     0.034     0.0042   -0.01    
  -0.12      0.99      0.013     0.18      0.021     0.015   
  -0.12      0.99      0.013     0.34      0.04     -0.0081  
   0.99      0.12      0.00033   0.046    -0.39     -0.062   
   0.74      0.087     0.67     -0.06      0.054     0.06    
   0.67      0.061    -0.74      0.063    -0.023     0.055   
  -0.1       1        -0.0077    0.034     0.0033   -0.0087  
  -0.1       1        -0.0077    0.18      0.018     0.0081  
  -0.1       1        -0.0077    0.34      0.034    -0.021   
   1         0.1       0.00084   0.039    -0.39      0.062   

CINERT
   0         0         0         0         0         0         0         0         0         0       
   0.23      0.21      0.032     0.0025   -0.011    -0.0013    0.04      0.005     0.85      4.4     
   7.5e-05   8.6e-05   1.1e-05  -1.2e-06  -2.8e-05  -3.3e-06   0.00015   1.7e-05   0.00039   0.002   
   0.037     0.027     0.01      0.00059   0.00095  -0.017    -0.0034    0.059     0.096     0.34    
   0.037     0.02      0.018     0.001     0.0011   -0.018    -0.0054    0.087     0.093     0.44    
   0.023     0.0054    0.018     0.0014    0.00074  -0.0095   -0.0059    0.076     0.041     0.33    
   0.029     0.002     0.028     0.0027    0.00053  -0.0056   -0.011     0.11      0.023     0.44    
   5.6e-05   7.3e-07   5.6e-05   6.3e-06  -3.2e-08   2.8e-07  -2.4e-05   0.00021  -1.1e-06   0.00083 
   0.024     0.0013    0.023     0.0017   -0.00042   0.004    -0.0061    0.081    -0.014     0.29    
   0.037     0.027     0.011     0.0018   -0.0029    0.016     0.01     -0.058     0.096     0.34    
   0.037     0.021     0.018     0.0028   -0.003     0.018     0.014    -0.086     0.093     0.44    
   0.023     0.0057    0.018     0.0024   -0.0013    0.0094    0.011    -0.075     0.041     0.33    
   0.029     0.0021    0.028     0.0031   -0.00067   0.0056    0.013    -0.11      0.023     0.44    
   5.6e-05   5.6e-07   5.6e-05   5.5e-06   1.8e-08  -1.9e-07   2.1e-05  -0.00021  -7.2e-07   0.00083 
   0.023     0.0016    0.022     0.0029    0.00042  -0.004     0.011    -0.079    -0.014     0.29    
   0.006     0.0059    0.0093    0.0042    0.0018   -0.002    -0.059     0.06      0.027     0.84    
   0.0072    0.0021    0.0069    0.0016   -0.00049   0.002    -0.02      0.069    -0.024     0.84    
   0.03      0.024     0.0067   -0.00027   0.00086   0.011     0.0042    0.073    -0.14      0.95    
   0.061     0.058     0.0033    0.00039  -0.0019    0.012    -0.0056    0.042    -0.19      0.65    
   0.015     0.014     0.00058   2.2e-05  -7.5e-05   0.0025   -0.00027   0.0068   -0.039     0.11    
   0.12      0.12      0.0059   -0.0018    0.0098    0.019     0.024     0.047    -0.29      0.71    
   0.008     0.004     0.0094   -0.0038    0.0013    0.0023   -0.043    -0.073     0.027     0.84    
   0.0078    0.0017    0.0071   -0.00028  -6.5e-06  -0.0021   -0.0032   -0.073    -0.024     0.84    
   0.03      0.025     0.0067    0.0011    0.0023   -0.011     0.015    -0.072    -0.14      0.95    
   0.061     0.058     0.0034   -0.00023  -0.0014   -0.013    -0.0037   -0.043    -0.19      0.65    
   0.015     0.014     0.00058   9.6e-06  -2.2e-05  -0.0025   -0.00013  -0.0068   -0.039     0.11    
   0.12      0.12      0.0052    0.0013    0.01     -0.017     0.025    -0.041    -0.29      0.71    

ACTUATOR_LENGTH
  -0.0019  
   0.031   
   0.0025  
  -0.0094  
   0.0042  
  -0.018   
  -0.027   
   0.0042  
   0.0094  
   0.012   
   0.011   
   0.0082  
  -0.22    
   0.32    
  -0.15    
   0.002   
  -0.016   
   0.0081  
  -0.17    
   0.29    
  -0.18    
   0.0013  

actuator_moment
------------------------------
       x                      |
        x                     |
         x                    |
          x                   |
           x                  |
            x                 |
             x                |
              x               |
               x              |
                x             |
                 x            |
                  x           |
                   x          |
                    x         |
                     x        |
                      x       |
                       x      |
                        x     |
                         x    |
                          x   |
                           x  |
                            x |
------------------------------

ACTUATOR_MOMENT
     6:  1       
     7:  1       
     8:  1       
     9:  1       
    10:  1       
    11:  1       
    12:  1       
    13:  1       
    14:  1       
    15:  1       
    16:  1       
    17:  1       
    18:  1       
    19:  1       
    20:  1       
    21:  1       
    22:  1       
    23:  1       
    24:  1       
    25:  1       
    26:  1       
    27:  1       

CRB
   0         0         0         0         0         0         0         0         0         0       
   1         0.78      0.29      0.025     0.0068    0.0008   -3.2e-17   1.5e-16   1.7e-15   16      
   7.5e-05   8.6e-05   1.1e-05  -1.2e-06  -2.8e-05  -3.3e-06   0.00015   1.7e-05   0.00039   0.002   
   0.15      0.056     0.096     0.0074    0.0029   -0.046    -0.032     0.41      0.24      1.9     
   0.11      0.029     0.086     0.0068    0.002    -0.029    -0.028     0.35      0.14      1.5     
   0.075     0.0088    0.068     0.0058    0.00085  -0.011    -0.023     0.27      0.05      1.1     
   0.053     0.0033    0.051     0.0044    0.00011  -0.0016   -0.017     0.19      0.0086    0.74    
   0.024     0.0013    0.023     0.0017   -0.00042   0.004    -0.0061    0.081    -0.014     0.29    
   0.024     0.0013    0.023     0.0017   -0.00042   0.004    -0.0061    0.081    -0.014     0.29    
   0.15      0.058     0.095     0.013    -0.0075    0.045     0.059    -0.41      0.24      1.9     
   0.11      0.03      0.085     0.011    -0.0046    0.029     0.049    -0.35      0.14      1.5     
   0.074     0.0095    0.067     0.0084   -0.0016    0.011     0.034    -0.26      0.05      1.1     
   0.051     0.0037    0.05      0.006    -0.00025   0.0016    0.023    -0.19      0.0085    0.74    
   0.023     0.0016    0.022     0.0029    0.00042  -0.004     0.011    -0.079    -0.014     0.29    
   0.023     0.0016    0.022     0.0029    0.00042  -0.004     0.011    -0.079    -0.014     0.29    
   0.24      0.23      0.033     0.0042    0.01      0.045    -0.056     0.3      -0.66      4.1     
   0.24      0.22      0.023    -3.2e-05   0.0082    0.047     0.0027    0.24     -0.69      3.3     
   0.23      0.22      0.016    -0.0016    0.0087    0.045     0.022     0.17     -0.67      2.4     
   0.2       0.2       0.0098   -0.0014    0.0078    0.034     0.018     0.096    -0.52      1.5     
   0.14      0.14      0.0065   -0.0017    0.0097    0.022     0.024     0.054    -0.33      0.81    
   0.12      0.12      0.0059   -0.0018    0.0098    0.019     0.024     0.047    -0.29      0.71    
   0.25      0.23      0.032    -0.0018    0.012    -0.043    -0.011    -0.31     -0.66      4.1     
   0.24      0.22      0.023     0.002     0.011    -0.045     0.032    -0.24     -0.69      3.3     
   0.23      0.22      0.016     0.0022    0.011    -0.043     0.036    -0.16     -0.67      2.4     
   0.2       0.2       0.0092    0.0011    0.0087   -0.032     0.021    -0.091    -0.52      1.5     
   0.14      0.14      0.0058    0.0013    0.01     -0.02      0.025    -0.048    -0.33      0.81    
   0.12      0.12      0.0052    0.0013    0.01     -0.017     0.025    -0.041    -0.29      0.71    

QM
   16      
   0         16      
   0         0         16      
   0.92     -7.8       0.012     4.8     
   7.8       0.92     -0.4      -0.0032    4.6     
  -0.0023   -0.029     0.00033   0.06     -0.0025    0.29    
  -0.28     -0.033     0.015    -0.00041  -0.15      0.07      0.072   
  -0.028     0.28      0.089    -0.12     -0.00042   0.0011   -0.00029   0.078   
   0.0053   -0.0025   -0.0012    0.0012    0.003    -0.002    -0.00082  -0.001     0.0058  
   0.084     0.0087   -0.0014    0.0014    0.039    -0.023    -0.026    -5.2e-05   0.00027   0.018   
   0.0011   -0.0037   -0.0012    0.0014    0.00036  -0.0004   -0.00017  -0.0013    0.00021   0.00013   0.0052  
   0.28      0.033    -0.02      0.001     0.15      0.069                                                       0.072   
  -0.039     0.28     -0.087    -0.13     -0.00093  -0.00068                                                    -0.00026   0.078   
  -0.0032   -0.0034    0.0011    0.0011   -0.0024   -0.0016                                                     -0.00036  -0.001     0.0058  
  -0.084    -0.01      0.003     0.00067  -0.039    -0.023                                                      -0.026     0.0001    1.8e-05   0.018   
   0.0012   -0.0037    0.0011    0.0014    0.00024   7e-06                                                       0.00028  -0.0013    0.00021  -0.00012   0.0052  
  -0.07      0.72     -0.017    -0.14      0.0022    0.026                                                                                                         0.22    
  -0.065     0.34     -0.018    -0.051    -0.002     0.011                                                                                                         0.11      0.07    
  -0.58     -0.068    -0.066    -0.0066   -0.082     0.038                                                                                                        -0.0047    0.009     0.18    
  -0.25     -0.03     -0.0066   -0.0012   -0.023     0.016                                                                                                        -0.0026    0.0042    0.092     0.059   
  -0.054    -0.0059   -0.037    -0.0025    0.00046   0.0034                                                                                                        4e-05     0.0015    0.024     0.015     0.013   
  -0.0019    0.016     0.00022  -0.00055  -1.3e-05   0.00089                                                                                                       0.0067    0.004     3.2e-07   7.2e-07   3.5e-07   0.006   
  -0.099     0.71      0.018    -0.14     -0.0021    0.018                                                                                                                                                                     0.21    
  -0.011     0.36      0.019    -0.054     0.0031    0.0075                                                                                                                                                                    0.11      0.077   
  -0.58     -0.059    -0.04      0.0033   -0.084    -0.038                                                                                                                                                                     0.0086   -0.0087    0.18    
  -0.25     -0.025     7.4e-05   0.00041  -0.023    -0.016                                                                                                                                                                     0.0045   -0.0041    0.092     0.059   
  -0.054    -0.0057   -0.037     0.0024   -2.4e-05  -0.0032                                                                                                                                                                    0.00044  -0.0015    0.024     0.015     0.013   
  -0.0016    0.016    -0.00012  -0.00054   1.4e-05   0.00069                                                                                                                                                                   0.0066    0.0041    8.6e-07   9.3e-07   8.1e-07   0.006   

M
     0:  16      
     0:  0          1:  16      
     0:  0          1:  0          2:  16      
     0:  0.92       1: -7.8        2:  0.012      3:  4.8     
     0:  7.8        1:  0.92       2: -0.4        3: -0.0032     4:  4.6     
     0: -0.0023     1: -0.029      2:  0.00033    3:  0.06       4: -0.0025     5:  0.29    
     0: -0.28       1: -0.033      2:  0.015      3: -0.00041    4: -0.15       5:  0.07       6:  0.072   
     0: -0.028      1:  0.28       2:  0.089      3: -0.12       4: -0.00042    5:  0.0011     6: -0.00029    7:  0.078   
     0:  0.0053     1: -0.0025     2: -0.0012     3:  0.0012     4:  0.003      5: -0.002      6: -0.00082    7: -0.001      8:  0.0058  
     0:  0.084      1:  0.0087     2: -0.0014     3:  0.0014     4:  0.039      5: -0.023      6: -0.026      7: -5.2e-05    8:  0.00027    9:  0.018   
     0:  0.0011     1: -0.0037     2: -0.0012     3:  0.0014     4:  0.00036    5: -0.0004     6: -0.00017    7: -0.0013     8:  0.00021    9:  0.00013   10:  0.0052  
     0:  0.28       1:  0.033      2: -0.02       3:  0.001      4:  0.15       5:  0.069     11:  0.072   
     0: -0.039      1:  0.28       2: -0.087      3: -0.13       4: -0.00093    5: -0.00068   11: -0.00026   12:  0.078   
     0: -0.0032     1: -0.0034     2:  0.0011     3:  0.0011     4: -0.0024     5: -0.0016    11: -0.00036   12: -0.001     13:  0.0058  
     0: -0.084      1: -0.01       2:  0.003      3:  0.00067    4: -0.039      5: -0.023     11: -0.026     12:  0.0001    13:  1.8e-05   14:  0.018   
     0:  0.0012     1: -0.0037     2:  0.0011     3:  0.0014     4:  0.00024    5:  7e-06     11:  0.00028   12: -0.0013    13:  0.00021   14: -0.00012   15:  0.0052  
     0: -0.07       1:  0.72       2: -0.017      3: -0.14       4:  0.0022     5:  0.026     16:  0.22    
     0: -0.065      1:  0.34       2: -0.018      3: -0.051      4: -0.002      5:  0.011     16:  0.11      17:  0.07    
     0: -0.58       1: -0.068      2: -0.066      3: -0.0066     4: -0.082      5:  0.038     16: -0.0047    17:  0.009     18:  0.18    
     0: -0.25       1: -0.03       2: -0.0066     3: -0.0012     4: -0.023      5:  0.016     16: -0.0026    17:  0.0042    18:  0.092     19:  0.059   
     0: -0.054      1: -0.0059     2: -0.037      3: -0.0025     4:  0.00046    5:  0.0034    16:  4e-05     17:  0.0015    18:  0.024     19:  0.015     20:  0.013   
     0: -0.0019     1:  0.016      2:  0.00022    3: -0.00055    4: -1.3e-05    5:  0.00089   16:  0.0067    17:  0.004     18:  3.2e-07   19:  7.2e-07   20:  3.5e-07   21:  0.006   
     0: -0.099      1:  0.71       2:  0.018      3: -0.14       4: -0.0021     5:  0.018     22:  0.21    
     0: -0.011      1:  0.36       2:  0.019      3: -0.054      4:  0.0031     5:  0.0075    22:  0.11      23:  0.077   
     0: -0.58       1: -0.059      2: -0.04       3:  0.0033     4: -0.084      5: -0.038     22:  0.0086    23: -0.0087    24:  0.18    
     0: -0.25       1: -0.025      2:  7.4e-05    3:  0.00041    4: -0.023      5: -0.016     22:  0.0045    23: -0.0041    24:  0.092     25:  0.059   
     0: -0.054      1: -0.0057     2: -0.037      3:  0.0024     4: -2.4e-05    5: -0.0032    22:  0.00044   23: -0.0015    24:  0.024     25:  0.015     26:  0.013   
     0: -0.0016     1:  0.016      2: -0.00012    3: -0.00054    4:  1.4e-05    5:  0.00069   22:  0.0066    23:  0.0041    24:  8.6e-07   25:  9.3e-07   26:  8.1e-07   27:  0.006   

QLD
     0:  0.54    
     0: -0.04       1:  0.8     
     0:  0.024      1:  0.0036     2:  16      
     0:  0.17       1: -1.4        2:  0.00027    3:  4.1     
     0:  1.6        1:  0.19       2: -0.098      3: -0.0023     4:  3.8     
     0:  0.16       1: -1.5        2:  0.085      3:  0.79       4: -0.01       5:  0.13    
     0: -4.5        1: -0.53       2:  0.37       3:  0.027      4: -2.6        5:  1.1        6:  0.035   
     0: -0.35       1:  3.6        2:  1.1        3: -1.6        4:  0.0014     5:  0.0089     6: -0.0056     7:  0.078   
     0:  0.68       1: -0.42       2: -0.19       3:  0.19       4:  0.41       5: -0.28       6: -0.074      7: -0.17       8:  0.0058  
     0:  4.7        1:  0.5        2: -0.08       3:  0.075      4:  2.2        5: -1.3        6: -1.4        7: -0.0012     8:  0.015      9:  0.018   
     0:  0.21       1: -0.7        2: -0.23       3:  0.27       4:  0.07       5: -0.076      6: -0.033      7: -0.24       8:  0.041      9:  0.025     10:  0.0052  
     0:  4.4        1:  0.51       2: -0.46       3:  0.051      4:  2.6        5:  1         11:  0.035   
     0: -0.5        1:  3.6        2: -1.1        3: -1.6        4: -0.014      5: -0.011     11: -0.0018    12:  0.078   
     0: -0.54       1: -0.55       2:  0.19       3:  0.18       4: -0.41       5: -0.27      11: -0.059     12: -0.16      13:  0.0058  
     0: -4.7        1: -0.59       2:  0.17       3:  0.04       4: -2.2        5: -1.3       11: -1.4       12:  0.0041    13:  0.0013    14:  0.018   
     0:  0.23       1: -0.7        2:  0.21       3:  0.28       4:  0.046      5:  0.0013    11:  0.054     12: -0.24      13:  0.04      14: -0.024     15:  0.0052  
     0: -0.58       1:  3.9        2:  0.089      3: -1.3        4: -0.068      5:  0.27      16:  0.048   
     0: -0.52       1:  4.9        2: -0.19       3: -0.74       4:  0.031      5:  0.13      16:  1.6       17:  0.067   
     0: -4.5        1: -0.52       2: -1.3        3: -0.11       4: -1.2        5:  0.32      16: -0.015     17:  0.058     18:  0.041   
     0: -4.6        1: -0.56       2:  0.93       3:  0.045      4: -0.57       5:  0.3       16: -0.067     17:  0.06      18:  1.5       19:  0.04    
     0: -4.3        1: -0.47       2: -2.9        3: -0.2        4:  0.036      5:  0.27      16:  0.0031    17:  0.12      18:  1.9       19:  1.2       20:  0.013   
     0: -0.31       1:  2.7        2:  0.036      3: -0.092      4: -0.0021     5:  0.15      16:  1.1       17:  0.66      18:  5.4e-05   19:  0.00012   20:  5.8e-05   21:  0.006   
     0: -0.32       1:  4          2: -0.15       3: -1.3        4:  0.079      5:  0.25      22:  0.044   
     0: -0.51       1:  4.7        2:  0.21       3: -0.72       4: -0.013      5:  0.071     22:  1.5       23:  0.074   
     0: -4.6        1: -0.47       2: -0.97       3:  0.064      4: -1.2        5: -0.32      22:  0.04      23: -0.055     24:  0.041   
     0: -4.6        1: -0.46       2:  1.1        3: -0.061      4: -0.56       5: -0.29      22:  0.098     23: -0.058     24:  1.6       25:  0.041   
     0: -4.3        1: -0.45       2: -2.9        3:  0.19       4: -0.0019     5: -0.25      22:  0.035     23: -0.12      24:  1.9       25:  1.2       26:  0.013   
     0: -0.27       1:  2.7        2: -0.02       3: -0.091      4:  0.0024     5:  0.11      22:  1.1       23:  0.69      24:  0.00014   25:  0.00016   26:  0.00014   27:  0.006   

QLDIAGINV
   1.8     
   1.3     
   0.064   
   0.24    
   0.26    
   7.6     
   29      
   13      
   1.7e+02 
   56      
   1.9e+02 
   28      
   13      
   1.7e+02 
   56      
   1.9e+02 
   21      
   15      
   24      
   25      
   79      
   1.7e+02 
   23      
   14      
   24      
   25      
   79      
   1.7e+02 

B: body-dof matrix
------------------------------
 xxxxxxxxxxxxxxxxxxxxxxxxxxxx |
 xxxxxxxxxxxxxxxxxxxxxxxxxxxx |
 xxxxxx                       |
 xxxxxxxxxxx                  |
 xxxxxxxxxxx                  |
 xxxxxxxxxxx                  |
 xxxxxxxxxxx                  |
 xxxxxxxxxxx                  |
 xxxxxxxxxxx                  |
 xxxxxx     xxxxx             |
 xxxxxx     xxxxx             |
 xxxxxx     xxxxx             |
 xxxxxx     xxxxx             |
 xxxxxx     xxxxx             |
 xxxxxx     xxxxx             |
 xxxxxx          xxxxxx       |
 xxxxxx          xxxxxx       |
 xxxxxx          xxxxxx       |
 xxxxxx          xxxxxx       |
 xxxxxx          xxxxxx       |
 xxxxxx          xxxxxx       |
 xxxxxx                xxxxxx |
 xxxxxx                xxxxxx |
 xxxxxx                xxxxxx |
 xxxxxx                xxxxxx |
 xxxxxx                xxxxxx |
 xxxxxx                xxxxxx |
------------------------------

B_rownnz              28 28 6 11 11 11 11 11 11 11 11 11 11 11 11 12 12 12 12 12 12 12 12 12 12 12 12

B_rowadr              0 28 56 62 73 84 95 106 117 128 139 150 161 172 183 194 206 218 230 242 254 266 278 290 302 314 326

B_colind              0 1 2 3 4 5 6 7 8 9 10 11 12 13 14 15 16 17 18 19 20 21 22 23 24 25 26 27 0 1 2 3 4 5 6 7 8 9 10 11 12 13 14 15 16 17 18 19 20 21 22 23 24 25 26 27 0 1 2 3 4 5 0 1 2 3 4 5 6 7 8 9 10 0 1 2 3 4 5 6 7 8 9 10 0 1 2 3 4 5 6 7 8 9 10 0 1 2 3 4 5 6 7 8 9 10 0 1 2 3 4 5 6 7 8 9 10 0 1 2 3 4 5 6 7 8 9 10 0 1 2 3 4 5 11 12 13 14 15 0 1 2 3 4 5 11 12 13 14 15 0 1 2 3 4 5 11 12 13 14 15 0 1 2 3 4 5 11 12 13 14 15 0 1 2 3 4 5 11 12 13 14 15 0 1 2 3 4 5 11 12 13 14 15 0 1 2 3 4 5 16 17 18 19 20 21 0 1 2 3 4 5 16 17 18 19 20 21 0 1 2 3 4 5 16 17 18 19 20 21 0 1 2 3 4 5 16 17 18 19 20 21 0 1 2 3 4 5 16 17 18 19 20 21 0 1 2 3 4 5 16 17 18 19 20 21 0 1 2 3 4 5 22 23 24 25 26 27 0 1 2 3 4 5 22 23 24 25 26 27 0 1 2 3 4 5 22 23 24 25 26 27 0 1 2 3 4 5 22 23 24 25 26 27 0 1 2 3 4 5 22 23 24 25 26 27 0 1 2 3 4 5 22 23 24 25 26 27

M: reduced inertia matrix
------------------------------
 x                            |
 xx                           |
 xxx                          |
 xxxx                         |
 xxxxx                        |
 xxxxxx                       |
 xxxxxxx                      |
 xxxxxxxx                     |
 xxxxxxxxx                    |
 xxxxxxxxxx                   |
 xxxxxxxxxxx                  |
 xxxxxx     x                 |
 xxxxxx     xx                |
 xxxxxx     xxx               |
 xxxxxx     xxxx              |
 xxxxxx     xxxxx             |
 xxxxxx          x            |
 xxxxxx          xx           |
 xxxxxx          xxx          |
 xxxxxx          xxxx         |
 xxxxxx          xxxxx        |
 xxxxxx          xxxxxx       |
 xxxxxx                x      |
 xxxxxx                xx     |
 xxxxxx                xxx    |
 xxxxxx                xxxx   |
 xxxxxx                xxxxx  |
 xxxxxx                xxxxxx |
------------------------------

M_rownnz              1 2 3 4 5 6 7 8 9 10 11 7 8 9 10 11 7 8 9 10 11 12 7 8 9 10 11 12

M_rowadr              0 1 3 6 10 15 21 28 36 45 55 66 73 81 90 100 111 118 126 135 145 156 168 175 183 192 202 213

M_colind              0 0 1 0 1 2 0 1 2 3 0 1 2 3 4 0 1 2 3 4 5 0 1 2 3 4 5 6 0 1 2 3 4 5 6 7 0 1 2 3 4 5 6 7 8 0 1 2 3 4 5 6 7 8 9 0 1 2 3 4 5 6 7 8 9 10 0 1 2 3 4 5 11 0 1 2 3 4 5 11 12 0 1 2 3 4 5 11 12 13 0 1 2 3 4 5 11 12 13 14 0 1 2 3 4 5 11 12 13 14 15 0 1 2 3 4 5 16 0 1 2 3 4 5 16 17 0 1 2 3 4 5 16 17 18 0 1 2 3 4 5 16 17 18 19 0 1 2 3 4 5 16 17 18 19 20 0 1 2 3 4 5 16 17 18 19 20 21 0 1 2 3 4 5 22 0 1 2 3 4 5 22 23 0 1 2 3 4 5 22 23 24 0 1 2 3 4 5 22 23 24 25 0 1 2 3 4 5 22 23 24 25 26 0 1 2 3 4 5 22 23 24 25 26 27

mapM2M                0 2 1 5 4 3 9 8 7 6 14 13 12 11 10 20 19 18 17 16 15 27 26 25 24 23 22 21 35 34 33 32 31 30 29 28 44 43 42 41 40 39 38 37 36 54 53 52 51 50 49 48 47 46 45 65 64 63 62 61 60 59 58 57 56 55 72 71 70 69 68 67 66 80 79 78 77 76 75 74 73 89 88 87 86 85 84 83 82 81 99 98 97 96 95 94 93 92 91 90 110 109 108 107 106 105 104 103 102 101 100 117 116 115 114 113 112 111 125 124 123 122 121 120 119 118 134 133 132 131 130 129 128 127 126 144 143 142 141 140 139 138 137 136 135 155 154 153 152 151 150 149 148 147 146 145 167 166 165 164 163 162 161 160 159 158 157 156 174 173 172 171 170 169 168 182 181 180 179 178 177 176 175 191 190 189 188 187 186 185 184 183 201 200 199 198 197 196 195 194 193 192 212 211 210 209 208 207 206 205 204 203 202 224 223 222 221 220 219 218 217 216 215 214 213

D: dof-dof matrix
------------------------------
 Dxxxxxxxxxxxxxxxxxxxxxxxxxxx |
 xDxxxxxxxxxxxxxxxxxxxxxxxxxx |
 xxDxxxxxxxxxxxxxxxxxxxxxxxxx |
 xxxDxxxxxxxxxxxxxxxxxxxxxxxx |
 xxxxDxxxxxxxxxxxxxxxxxxxxxxx |
 xxxxxDxxxxxxxxxxxxxxxxxxxxxx |
 xxxxxxDxxxx                  |
 xxxxxxxDxxx                  |
 xxxxxxxxDxx                  |
 xxxxxxxxxDx                  |
 xxxxxxxxxxD                  |
 xxxxxx     Dxxxx             |
 xxxxxx     xDxxx             |
 xxxxxx     xxDxx             |
 xxxxxx     xxxDx             |
 xxxxxx     xxxxD             |
 xxxxxx          Dxxxxx       |
 xxxxxx          xDxxxx       |
 xxxxxx          xxDxxx       |
 xxxxxx          xxxDxx       |
 xxxxxx          xxxxDx       |
 xxxxxx          xxxxxD       |
 xxxxxx                Dxxxxx |
 xxxxxx                xDxxxx |
 xxxxxx                xxDxxx |
 xxxxxx                xxxDxx |
 xxxxxx                xxxxDx |
 xxxxxx                xxxxxD |
------------------------------

D_rownnz              28 28 28 28 28 28 11 11 11 11 11 11 11 11 11 11 12 12 12 12 12 12 12 12 12 12 12 12

D_rowadr              0 28 56 84 112 140 168 179 190 201 212 223 234 245 256 267 278 290 302 314 326 338 350 362 374 386 398 410

D_colind              0 1 2 3 4 5 6 7 8 9 10 11 12 13 14 15 16 17 18 19 20 21 22 23 24 25 26 27 0 1 2 3 4 5 6 7 8 9 10 11 12 13 14 15 16 17 18 19 20 21 22 23 24 25 26 27 0 1 2 3 4 5 6 7 8 9 10 11 12 13 14 15 16 17 18 19 20 21 22 23 24 25 26 27 0 1 2 3 4 5 6 7 8 9 10 11 12 13 14 15 16 17 18 19 20 21 22 23 24 25 26 27 0 1 2 3 4 5 6 7 8 9 10 11 12 13 14 15 16 17 18 19 20 21 22 23 24 25 26 27 0 1 2 3 4 5 6 7 8 9 10 11 12 13 14 15 16 17 18 19 20 21 22 23 24 25 26 27 0 1 2 3 4 5 6 7 8 9 10 0 1 2 3 4 5 6 7 8 9 10 0 1 2 3 4 5 6 7 8 9 10 0 1 2 3 4 5 6 7 8 9 10 0 1 2 3 4 5 6 7 8 9 10 0 1 2 3 4 5 11 12 13 14 15 0 1 2 3 4 5 11 12 13 14 15 0 1 2 3 4 5 11 12 13 14 15 0 1 2 3 4 5 11 12 13 14 15 0 1 2 3 4 5 11 12 13 14 15 0 1 2 3 4 5 16 17 18 19 20 21 0 1 2 3 4 5 16 17 18 19 20 21 0 1 2 3 4 5 16 17 18 19 20 21 0 1 2 3 4 5 16 17 18 19 20 21 0 1 2 3 4 5 16 17 18 19 20 21 0 1 2 3 4 5 16 17 18 19 20 21 0 1 2 3 4 5 22 23 24 25 26 27 0 1 2 3 4 5 22 23 24 25 26 27 0 1 2 3 4 5 22 23 24 25 26 27 0 1 2 3 4 5 22 23 24 25 26 27 0 1 2 3 4 5 22 23 24 25 26 27 0 1 2 3 4 5 22 23 24 25 26 27

mapM2D                0 2 5 9 14 20 27 35 44 54 65 72 80 89 99 110 117 125 134 144 155 167 174 182 191 201 212 224 2 1 4 8 13 19 26 34 43 53 64 71 79 88 98 109 116 124 133 143 154 166 173 181 190 200 211 223 5 4 3 7 12 18 25 33 42 52 63 70 78 87 97 108 115 123 132 142 153 165 172 180 189 199 210 222 9 8 7 6 11 17 24 32 41 51 62 69 77 86 96 107 114 122 131 141 152 164 171 179 188 198 209 221 14 13 12 11 10 16 23 31 40 50 61 68 76 85 95 106 113 121 130 140 151 163 170 178 187 197 208 220 20 19 18 17 16 15 22 30 39 49 60 67 75 84 94 105 112 120 129 139 150 162 169 177 186 196 207 219 27 26 25 24 23 22 21 29 38 48 59 35 34 33 32 31 30 29 28 37 47 58 44 43 42 41 40 39 38 37 36 46 57 54 53 52 51 50 49 48 47 46 45 56 65 64 63 62 61 60 59 58 57 56 55 72 71 70 69 68 67 66 74 83 93 104 80 79 78 77 76 75 74 73 82 92 103 89 88 87 86 85 84 83 82 81 91 102 99 98 97 96 95 94 93 92 91 90 101 110 109 108 107 106 105 104 103 102 101 100 117 116 115 114 113 112 111 119 128 138 149 161 125 124 123 122 121 120 119 118 127 137 148 160 134 133 132 131 130 129 128 127 126 136 147 159 144 143 142 141 140 139 138 137 136 135 146 158 155 154 153 152 151 150 149 148 147 146 145 157 167 166 165 164 163 162 161 160 159 158 157 156 174 173 172 171 170 169 168 176 185 195 206 218 182 181 180 179 178 177 176 175 184 194 205 217 191 190 189 188 187 186 185 184 183 193 204 216 201 200 199 198 197 196 195 194 193 192 203 215 212 211 210 209 208 207 206 205 204 203 202 214 224 223 222 221 220 219 218 217 216 215 214 213

mapD2M                0 29 28 58 57 56 87 86 85 84 116 115 114 113 112 145 144 143 142 141 140 174 173 172 171 170 169 168 186 185 184 183 182 181 180 179 198 197 196 195 194 193 192 191 190 210 209 208 207 206 205 204 203 202 201 222 221 220 219 218 217 216 215 214 213 212 229 228 227 226 225 224 223 241 240 239 238 237 236 235 234 253 252 251 250 249 248 247 246 245 265 264 263 262 261 260 259 258 257 256 277 276 275 274 273 272 271 270 269 268 267 284 283 282 281 280 279 278 297 296 295 294 293 292 291 290 310 309 308 307 306 305 304 303 302 323 322 321 320 319 318 317 316 315 314 336 335 334 333 332 331 330 329 328 327 326 349 348 347 346 345 344 343 342 341 340 339 338 356 355 354 353 352 351 350 369 368 367 366 365 364 363 362 382 381 380 379 378 377 376 375 374 395 394 393 392 391 390 389 388 387 386 408 407 406 405 404 403 402 401 400 399 398 421 420 419 418 417 416 415 414 413 412 411 410

CONTACT
  0:
     dim           3
     geoms         floor : 27
     exclude       0
     efc_address   24
     solref         0.02      1       
     solimp         0.9       0.95      0.001     0.5       2       
     dist          -0.00076 
     includemargin  0       
     pos           -0.097     0.0099   -0.00038 
     frame          0         0         1         0         1         0        -1         0         0       
     friction       1         1         0.005     0.0001    0.0001  
     mu             1       
     force          52        1.5       1.3       0         0         0       
  1:
     dim           3
     geoms         floor : 27
     exclude       0
     efc_address   28
     solref         0.02      1       
     solimp         0.9       0.95      0.001     0.5       2       
     dist          -0.00069 
     includemargin  0       
     pos            0.12      0.036    -0.00034 
     frame          0         0         1         0         1         0        -1         0         0       
     friction       1         1         0.005     0.0001    0.0001  
     mu             1       
     force          43        0.94      1.1       0         0         0       
  2:
     dim           3
     geoms         floor : 36
     exclude       0
     efc_address   32
     solref         0.02      1       
     solimp         0.9       0.95      0.001     0.5       2       
     dist          -0.00064 
     includemargin  0       
     pos           -0.1      -0.042    -0.00032 
     frame          0         0         1         0         1         0        -1         0         0       
     friction       1         1         0.005     0.0001    0.0001  
     mu             1       
     force          38       -0.85     -1.1       0         0         0       
  3:
     dim           3
     geoms         floor : 36
     exclude       0
     efc_address   36
     solref         0.02      1       
     solimp         0.9       0.95      0.001     0.5       2       
     dist          -0.00018 
     includemargin  0       
     pos           -0.097    -0.11     -9e-05   
     frame          0         0         1         0         1         0        -1         0         0       
     friction       1         1         0.005     0.0001    0.0001  
     mu             1       
     force          6.4      -0.56     -0.37      0         0         0       
  4:
     dim           3
     geoms         floor : 36
     exclude       0
     efc_address   40
     solref         0.02      1       
     solimp         0.9       0.95      0.001     0.5       2       
     dist          -0.00046 
     includemargin  0       
     pos            0.11     -0.02     -0.00023 
     frame          0         0         1         0         1         0        -1         0         0       
     friction       1         1         0.005     0.0001    0.0001  
     mu             1       
     force          21       -1.8      -0.93      0         0         0       

EFC_TYPE
  1
  1
  1
  1
  1
  1
  1
  1
  1
  1
  1
  1
  1
  1
  1
  1
  1
  1
  1
  1
  1
  1
  3
  3
  6
  6
  6
  6
  6
  6
  6
  6
  6
  6
  6
  6
  6
  6
  6
  6
  6
  6
  6
  6

EFC_ID
  6
  7
  8
  9
  10
  11
  12
  13
  14
  15
  16
  17
  18
  19
  20
  21
  22
  23
  24
  25
  26
  27
  4
  9
  0
  0
  0
  0
  1
  1
  1
  1
  2
  2
  2
  2
  3
  3
  3
  3
  4
  4
  4
  4

EFC_J
   0         0         0         0         0         0         1         0         0         0         0         0         0         0         0         0         0         0         0         0         0         0         0         0         0         0         0         0       
   0         0         0         0         0         0         0         1         0         0         0         0         0         0         0         0         0         0         0         0         0         0         0         0         0         0         0         0       
   0         0         0         0         0         0         0         0         1         0         0         0         0         0         0         0         0         0         0         0         0         0         0         0         0         0         0         0       
   0         0         0         0         0         0         0         0         0         1         0         0         0         0         0         0         0         0         0         0         0         0         0         0         0         0         0         0       
   0         0         0         0         0         0         0         0         0         0         1         0         0         0         0         0         0         0         0         0         0         0         0         0         0         0         0         0       
   0         0         0         0         0         0         0         0         0         0         0         1         0         0         0         0         0         0         0         0         0         0         0         0         0         0         0         0       
   0         0         0         0         0         0         0         0         0         0         0         0         1         0         0         0         0         0         0         0         0         0         0         0         0         0         0         0       
   0         0         0         0         0         0         0         0         0         0         0         0         0         1         0         0         0         0         0         0         0         0         0         0         0         0         0         0       
   0         0         0         0         0         0         0         0         0         0         0         0         0         0         1         0         0         0         0         0         0         0         0         0         0         0         0         0       
   0         0         0         0         0         0         0         0         0         0         0         0         0         0         0         1         0         0         0         0         0         0         0         0         0         0         0         0       
   0         0         0         0         0         0         0         0         0         0         0         0         0         0         0         0         1         0         0         0         0         0         0         0         0         0         0         0       
   0         0         0         0         0         0         0         0         0         0         0         0         0         0         0         0         0         1         0         0         0         0         0         0         0         0         0         0       
   0         0         0         0         0         0         0         0         0         0         0         0         0         0         0         0         0         0         1         0         0         0         0         0         0         0         0         0       
   0         0         0         0         0         0         0         0         0         0         0         0         0         0         0         0         0         0         0         1         0         0         0         0         0         0         0         0       
   0         0         0         0         0         0         0         0         0         0         0         0         0         0         0         0         0         0         0         0         1         0         0         0         0         0         0         0       
   0         0         0         0         0         0         0         0         0         0         0         0         0         0         0         0         0         0         0         0         0         1         0         0         0         0         0         0       
   0         0         0         0         0         0         0         0         0         0         0         0         0         0         0         0         0         0         0         0         0         0         1         0         0         0         0         0       
   0         0         0         0         0         0         0         0         0         0         0         0         0         0         0         0         0         0         0         0         0         0         0         1         0         0         0         0       
   0         0         0         0         0         0         0         0         0         0         0         0         0         0         0         0         0         0         0         0         0         0         0         0         1         0         0         0       
   0         0         0         0         0         0         0         0         0         0         0         0         0         0         0         0         0         0         0         0         0         0         0         0         0         1         0         0       
   0         0         0         0         0         0         0         0         0         0         0         0         0         0         0         0         0         0         0         0         0         0         0         0         0         0         1         0       
   0         0         0         0         0         0         0         0         0         0         0         0         0         0         0         0         0         0         0         0         0         0         0         0         0         0         0         1       
   0         0         0         0         0         0         0         0         0         1         0         0         0         0         0         0         0         0         0         0         0         0         0         0         0         0         0         0       
   0         0         0         0         0         0         0         0         0         0         0         0         0         0        -1         0         0         0         0         0         0         0         0         0         0         0         0         0       
   0         1         1        -0.012     0.063    -0.061     0         0         0         0         0         0         0         0         0         0         0.3       0.28      0.023     0.066     0.061     0.015     0         0         0         0         0         0       
   0        -1         1         0.067     0.053     0.064     0         0         0         0         0         0         0         0         0         0        -0.37     -0.35      0.12      0.13      0.087    -0.085     0         0         0         0         0         0       
  -1         0         1         0.021     0.015     0.022     0         0         0         0         0         0         0         0         0         0        -0.036     0.047     0.47      0.35      0.17     -0.029     0         0         0         0         0         0       
   1         0         1         0.033     0.1      -0.019     0         0         0         0         0         0         0         0         0         0        -0.043    -0.12     -0.33     -0.16     -0.025    -0.041     0         0         0         0         0         0       
   0         1         1        -0.024    -0.16      0.16      0         0         0         0         0         0         0         0         0         0         0.44      0.12     -0.19     -0.15     -0.16      0.015     0         0         0         0         0         0       
   0        -1         1         0.079    -0.17     -0.15      0         0         0         0         0         0         0         0         0         0        -0.52     -0.19     -0.1      -0.094    -0.14     -0.085     0         0         0         0         0         0       
  -1         0         1         0.02     -0.21      0.047     0         0         0         0         0         0         0         0         0         0        -0.018     0.025     0.26      0.13     -0.047    -0.029     0         0         0         0         0         0       
   1         0         1         0.035    -0.12     -0.045     0         0         0         0         0         0         0         0         0         0        -0.061    -0.1      -0.55     -0.38     -0.25     -0.041     0         0         0         0         0         0       
   0         1         1        -0.063     0.076    -0.071     0         0         0         0         0         0         0         0         0         0         0         0         0         0         0         0         0.36      0.38      0.046     0.078     0.065     0.085   
   0        -1         1         0.016     0.066     0.068     0         0         0         0         0         0         0         0         0         0         0         0         0         0         0         0        -0.28     -0.3       0.13      0.13      0.083    -0.014   
  -1         0         1        -0.027     0.028    -0.033     0         0         0         0         0         0         0         0         0         0         0         0         0         0         0         0         0.12      0.027     0.49      0.36      0.17      0.041   
   1         0         1        -0.02      0.11      0.031     0         0         0         0         0         0         0         0         0         0         0         0         0         0         0         0        -0.034     0.047    -0.32     -0.15     -0.025     0.031   
   0         1         1        -0.14      0.077    -0.068     0         0         0         0         0         0         0         0         0         0         0         0         0         0         0         0         0.31      0.32      0.046     0.078     0.065     0.013   
   0        -1         1        -0.055     0.067     0.057     0         0         0         0         0         0         0         0         0         0         0         0         0         0         0         0        -0.33     -0.34      0.13      0.13      0.083    -0.086   
  -1         0         1        -0.095     0.029    -0.11      0         0         0         0         0         0         0         0         0         0         0         0         0         0         0         0         0.016     0.032     0.49      0.36      0.17     -0.031   
   1         0         1        -0.096     0.12      0.098     0         0         0         0         0         0         0         0         0         0         0         0         0         0         0         0        -0.039    -0.054    -0.32     -0.15     -0.026    -0.041   
   0         1         1        -0.079    -0.14      0.15      0         0         0         0         0         0         0         0         0         0         0         0         0         0         0         0         0.5       0.21     -0.18     -0.14     -0.16      0.085   
   0        -1         1         0.024    -0.15     -0.15      0         0         0         0         0         0         0         0         0         0         0         0         0         0         0         0        -0.43     -0.14     -0.093    -0.091    -0.14     -0.014   
  -1         0         1        -0.032    -0.19     -0.012     0         0         0         0         0         0         0         0         0         0         0         0         0         0         0         0         0.13      0.011     0.27      0.14     -0.047     0.041   
   1         0         1        -0.023    -0.11      0.0084    0         0         0         0         0         0         0         0         0         0         0         0         0         0         0         0        -0.051     0.065    -0.54     -0.37     -0.25      0.031   

EFC_POS
   0       
   0       
   0       
   0       
   0       
   0       
   0       
   0       
   0       
   0       
   0       
   0       
   0       
   0       
   0       
   0       
   0       
   0       
   0       
   0       
   0       
   0       
  -0.0094  
  -0.0094  
  -0.00076 
  -0.00076 
  -0.00076 
  -0.00076 
  -0.00069 
  -0.00069 
  -0.00069 
  -0.00069 
  -0.00064 
  -0.00064 
  -0.00064 
  -0.00064 
  -0.00018 
  -0.00018 
  -0.00018 
  -0.00018 
  -0.00046 
  -0.00046 
  -0.00046 
  -0.00046 

EFC_MARGIN
   0       
   0       
   0       
   0       
   0       
   0       
   0       
   0       
   0       
   0       
   0       
   0       
   0       
   0       
   0       
   0       
   0       
   0       
   0       
   0       
   0       
   0       
   0       
   0       
   0       
   0       
   0       
   0       
   0       
   0       
   0       
   0       
   0       
   0       
   0       
   0       
   0       
   0       
   0       
   0       
   0       
   0       
   0       
   0       

EFC_FRICTIONLOSS
   0.1     
   0.1     
   0.1     
   0.1     
   0.1     
   0.1     
   0.1     
   0.1     
   0.1     
   0.1     
   0.1     
   0.1     
   0.1     
   0.1     
   0.1     
   0.1     
   0.1     
   0.1     
   0.1     
   0.1     
   0.1     
   0.1     
   0       
   0       
   0       
   0       
   0       
   0       
   0       
   0       
   0       
   0       
   0       
   0       
   0       
   0       
   0       
   0       
   0       
   0       
   0       
   0       
   0       
   0       

EFC_DIAGAPPROX
   39      
   16      
   1.7e+02 
   1.2e+02 
   1.9e+02 
   39      
   16      
   1.7e+02 
   1.2e+02 
   1.9e+02 
   33      
   65      
   40      
   88      
   1.2e+02 
   1.7e+02 
   33      
   65      
   40      
   88      
   1.2e+02 
   1.7e+02 
   1.2e+02 
   1.2e+02 
   2.6     
   2.6     
   2.6     
   2.6     
   2.6     
   2.6     
   2.6     
   2.6     
   2.6     
   2.6     
   2.6     
   2.6     
   2.6     
   2.6     
   2.6     
   2.6     
   2.6     
   2.6     
   2.6     
   2.6     

EFC_KBIP
   0         1.1e+02   0.9       0       
   0         1.1e+02   0.9       0       
   0         1.1e+02   0.9       0       
   0         1.1e+02   0.9       0       
   0         1.1e+02   0.9       0       
   0         1.1e+02   0.9       0       
   0         1.1e+02   0.9       0       
   0         1.1e+02   0.9       0       
   0         1.1e+02   0.9       0       
   0         1.1e+02   0.9       0       
   0         1.1e+02   0.9       0       
   0         1.1e+02   0.9       0       
   0         1.1e+02   0.9       0       
   0         1.1e+02   0.9       0       
   0         1.1e+02   0.9       0       
   0         1.1e+02   0.9       0       
   0         1.1e+02   0.9       0       
   0         1.1e+02   0.9       0       
   0         1.1e+02   0.9       0       
   0         1.1e+02   0.9       0       
   0         1.1e+02   0.9       0       
   0         1.1e+02   0.9       0       
   2.8e+03   1.1e+02   0.95      0       
   2.8e+03   1.1e+02   0.95      0       
   2.8e+03   1.1e+02   0.94     -48      
   2.8e+03   1.1e+02   0.94     -48      
   2.8e+03   1.1e+02   0.94     -48      
   2.8e+03   1.1e+02   0.94     -48      
   2.8e+03   1.1e+02   0.94     -62      
   2.8e+03   1.1e+02   0.94     -62      
   2.8e+03   1.1e+02   0.94     -62      
   2.8e+03   1.1e+02   0.94     -62      
   2.8e+03   1.1e+02   0.94     -72      
   2.8e+03   1.1e+02   0.94     -72      
   2.8e+03   1.1e+02   0.94     -72      
   2.8e+03   1.1e+02   0.94     -72      
   2.8e+03   1.1e+02   0.9      -36      
   2.8e+03   1.1e+02   0.9      -36      
   2.8e+03   1.1e+02   0.9      -36      
   2.8e+03   1.1e+02   0.9      -36      
   2.8e+03   1.1e+02   0.92     -91      
   2.8e+03   1.1e+02   0.92     -91      
   2.8e+03   1.1e+02   0.92     -91      
   2.8e+03   1.1e+02   0.92     -91      

EFC_D
   0.23    
   0.58    
   0.052   
   0.076   
   0.047   
   0.23    
   0.58    
   0.052   
   0.076   
   0.047   
   0.27    
   0.14    
   0.22    
   0.1     
   0.074   
   0.052   
   0.27    
   0.14    
   0.22    
   0.1     
   0.074   
   0.052   
   0.16    
   0.16    
   6.5     
   6.5     
   6.5     
   6.5     
   6       
   6       
   6       
   6       
   5.7     
   5.7     
   5.7     
   5.7     
   3.6     
   3.6     
   3.6     
   3.6     
   4.5     
   4.5     
   4.5     
   4.5     

EFC_R
   4.3     
   1.7     
   19      
   13      
   21      
   4.3     
   1.7     
   19      
   13      
   21      
   3.7     
   7.2     
   4.5     
   9.7     
   14      
   19      
   3.7     
   7.2     
   4.5     
   9.7     
   14      
   19      
   6.2     
   6.2     
   0.15    
   0.15    
   0.15    
   0.15    
   0.17    
   0.17    
   0.17    
   0.17    
   0.18    
   0.18    
   0.18    
   0.18    
   0.28    
   0.28    
   0.28    
   0.28    
   0.22    
   0.22    
   0.22    
   0.22    

ACTUATOR_VELOCITY
  -0.0006  
   0.00086 
   0.0022  
   0.00013 
   0.0006  
  -0.00052 
   0.001   
   0.00024 
   0.00015 
  -0.0021  
  -0.029   
  -0.0088  
   0.048   
  -0.11    
   0.064   
  -0.019   
  -0.025   
  -0.0094  
  -0.048   
   0.095   
  -0.048   
   0.0026  

CVEL
   0         0         0         0         0         0       
   0.02      0.0019    0.014    -0.0019    0.0041   -0.00018 
   0.02      0.0019    0.014    -0.0019    0.0041   -0.00018 
   0.021     0.0013    0.014    -0.0018    0.0041   -0.00019 
   0.021     0.0014    0.014    -0.0018    0.0044   -0.00034 
   0.021     0.002     0.012    -0.0024    0.0043   -0.00031 
   0.021     0.0019    0.012    -0.0024    0.0043   -0.00031 
   0.021     0.0021    0.011    -0.0025    0.0043   -0.0003  
   0.021     0.0021    0.011    -0.0025    0.0043   -0.0003  
   0.02      0.0024    0.014    -0.0021    0.0041   -0.00017 
   0.021     0.0025    0.014    -0.0021    0.0044    1.2e-05 
   0.021     0.0025    0.014    -0.002     0.0044    7.5e-06 
   0.021     0.0026    0.014    -0.0021    0.0044    7.7e-06 
   0.021     0.0032    0.016    -0.0026    0.0043    4.7e-05 
   0.021     0.0032    0.016    -0.0026    0.0043    4.7e-05 
  -0.00083  -0.00061  -0.005    -0.0033    0.0022    0.0015  
  -0.0067   -0.0014    0.0016   -0.0028    0.0025    0.002   
  -0.012     0.046     0.0022   -0.0011    0.0027    0.0015  
   0.00081  -0.065     0.00077  -0.021     0.00035  -0.0002  
  -0.0066   -0.0016    0.0016    0.00018   0.0029   -0.00071 
  -0.026    -0.0038    0.0016   -0.0007    0.01      0.00047 
   0.0018   -0.0003   -0.0026   -0.00042   0.0027   -0.0017  
  -0.0045   -0.00087   0.0044   -0.001     0.003    -0.0022  
   0.00029  -0.048     0.0047   -0.0026    0.0028   -0.0018  
  -0.0092    0.046     0.004     0.015     0.0045   -0.001   
  -0.0044   -0.00099   0.0044   -0.0014    0.0029   -2.9e-05 
  -0.0019   -0.00074   0.0044   -0.0013    0.0019    0.00013 

CDOF_DOT
   0         0         0         0         0         0       
   0         0         0         0         0         0       
   0         0         0         0         0         0       
  -0         0         0        -0.00071  -0.00036  -0.014   
  -0         0         0         0.0002    2.2e-05  -0.0012  
   0         0         0         0.014     0.0028   -0.00075 
  -0.014    -0.0016    0.021     0.00067  -0.0043   -0.0016  
  -0.0017    0.015     0.0011   -0.0044    0.0027    0.0014  
  -0.0053    0.019     0.0061   -0.0037   -0.0055   -0.00037 
   0.011     0.0072   -0.02     -0.0016   -1.8e-06   0.0019  
  -0.0052    0.019     0.0061   -0.0037   -0.0055   -0.00038 
   0.014     0.0016   -0.021    -0.00067   0.0043    0.0016  
  -0.0018    0.016    -2.9e-05  -0.0038   -0.0042    0.0015  
   0.0017    0.02     -0.0062   -0.0046    0.0018    0.00069 
  -0.014     0.0043    0.021    -0.0012   -0.0013   -0.0014  
   0.0016    0.02     -0.0061   -0.0046    0.0019    0.00068 
   3e-05    -0.0031    0.00038   0.0017    0.003    -0.0019  
   0.00089  -0.0039    0.00033  -0.0019   -0.0012   -0.0017  
  -0.0016   -0.0001   -0.0068   -0.0019   -0.00021  -0.0024  
  -0.0016   -0.0001   -0.0068   -0.00081   0.00042  -0.0094  
  -0.0016   -0.0001   -0.0068    0.0007    0.00056   0.00078 
  -0.00018   0.0016    0.00077   0.00079  -0.0011   -0.00021 
   3e-05    -0.0031    0.00038   0.0021   -0.00092  -0.002   
   0.00038  -0.0004    0.00031  -0.002    -0.0017   -0.0019  
  -0.0044   -0.00047  -0.0045    0.0022    0.00032  -0.0007  
  -0.0044   -0.00047  -0.0045    0.0013    0.001     0.0065  
  -0.0044   -0.00047  -0.0045   -0.00012   0.0014   -0.00094 
  -0.00044   0.0044    0.00054   0.0016    0.00042  -0.0013  

QFRC_BIAS
   0.0026  
   0.00024 
   1.6e+02 
   0.12    
  -3.9     
   0.0032  
   0.14    
   0.87    
  -0.012   
  -0.014   
  -0.012   
  -0.2     
  -0.85    
   0.011   
   0.029   
   0.01    
  -0.17    
  -0.17    
  -0.65    
  -0.065   
  -0.36    
   0.0021  
   0.17    
   0.19    
  -0.4     
   0.00069 
  -0.36    
  -0.0012  

QFRC_SPRING
   0       
   0       
   0       
   0       
   0       
   0       
   0       
   0       
   0       
   0       
   0       
   0       
   0       
   0       
   0       
   0       
   0       
   0       
   0       
   0       
   0       
   0       
   0       
   0       
   0       
   0       
   0       
   0       

QFRC_DAMPER
   0       
   0       
   0       
   0       
   0       
   0       
   0       
   0       
   0       
   0       
   0       
   0       
   0       
   0       
   0       
   0       
   0       
   0       
   0       
   0       
   0       
   0       
   0       
   0       
   0       
   0       
   0       
   0       

QFRC_GRAVCOMP
   0       
   0       
   0       
   0       
   0       
   0       
   0       
   0       
   0       
   0       
   0       
   0       
   0       
   0       
   0       
   0       
   0       
   0       
   0       
   0       
   0       
   0       
   0       
   0       
   0       
   0       
   0       
   0       

QFRC_FLUID
   0       
   0       
   0       
   0       
   0       
   0       
   0       
   0       
   0       
   0       
   0       
   0       
   0       
   0       
   0       
   0       
   0       
   0       
   0       
   0       
   0       
   0       
   0       
   0       
   0       
   0       
   0       
   0       

QFRC_PASSIVE
   0       
   0       
   0       
   0       
   0       
   0       
   0       
   0       
   0       
   0       
   0       
   0       
   0       
   0       
   0       
   0       
   0       
   0       
   0       
   0       
   0       
   0       
   0       
   0       
   0       
   0       
   0       
   0       

EFC_VEL
  -0.0006  
   0.00086 
   0.0022  
   0.00013 
   0.0006  
  -0.00052 
   0.001   
   0.00024 
   0.00015 
  -0.0021  
  -0.029   
  -0.0088  
   0.048   
  -0.11    
   0.064   
  -0.019   
  -0.025   
  -0.0094  
  -0.048   
   0.095   
  -0.048   
   0.0026  
   0.00013 
  -0.00015 
  -0.0014  
   0.00083 
  -0.0012  
   0.00067 
  -0.00089 
   0.00066 
  -0.001   
   0.0008  
   0.00083 
  -0.00057 
   0.00097 
  -0.00071 
   0.001   
  -0.00046 
   0.0008  
  -0.00026 
   0.0019  
  -0.0014  
   0.0012  
  -0.00069 

EFC_AREF
   0.063   
  -0.091   
  -0.23    
  -0.014   
  -0.064   
   0.054   
  -0.11    
  -0.025   
  -0.016   
   0.22    
   3       
   0.93    
  -5       
   12      
  -6.7     
   2       
   2.7     
   0.99    
   5       
  -10      
   5       
  -0.27    
   25      
   25      
   2.1     
   1.9     
   2.1     
   1.9     
   1.9     
   1.7     
   1.9     
   1.7     
   1.6     
   1.7     
   1.6     
   1.7     
   0.35    
   0.5     
   0.37    
   0.48    
   0.96    
   1.3     
   1       
   1.2     

SUBTREE_LINVEL
   0         0         0       
   0         0         0       
   0         0         0       
   0         0         0       
   0         0         0       
   0         0         0       
   0         0         0       
   0         0         0       
   0         0         0       
   0         0         0       
   0         0         0       
   0         0         0       
   0         0         0       
   0         0         0       
   0         0         0       
   0         0         0       
   0         0         0       
   0         0         0       
   0         0         0       
   0         0         0       
   0         0         0       
   0         0         0       
   0         0         0       
   0         0         0       
   0         0         0       
   0         0         0       
   0         0         0       

SUBTREE_ANGMOM
   0         0         0       
   0         0         0       
   0         0         0       
   0         0         0       
   0         0         0       
   0         0         0       
   0         0         0       
   0         0         0       
   0         0         0       
   0         0         0       
   0         0         0       
   0         0         0       
   0         0         0       
   0         0         0       
   0         0         0       
   0         0         0       
   0         0         0       
   0         0         0       
   0         0         0       
   0         0         0       
   0         0         0       
   0         0         0       
   0         0         0       
   0         0         0       
   0         0         0       
   0         0         0       
   0         0         0       

ACTUATOR_FORCE
   0.15    
   0.93    
  -0.00018 
  -4       
  -0.0088  
  -0.2     
  -0.79    
   0.012   
   4       
   0.00044 
   2.5     
   2.4     
   1.2     
  -0.48    
   2       
   3.1     
  -0.8     
  -1.3     
  -0.67    
  -1.5     
  -0.47    
  -1.7     

QFRC_ACTUATOR
   0       
   0       
   0       
   0       
   0       
   0       
   0.15    
   0.93    
  -0.00018 
  -4       
  -0.0088  
  -0.2     
  -0.79    
   0.012   
   4       
   0.00044 
   2.5     
   2.4     
   1.2     
  -0.48    
   2       
   3.1     
  -0.8     
  -1.3     
  -0.67    
  -1.5     
  -0.47    
  -1.7     

QFRC_SMOOTH
  -0.0026  
  -0.00024 
  -1.6e+02 
  -0.12    
   3.9     
  -0.0032  
   0.01    
   0.053   
   0.011   
  -4       
   0.0028  
   0.0031  
   0.062   
   0.00092 
   4       
  -0.01    
   2.6     
   2.5     
   1.9     
  -0.42    
   2.4     
   3.1     
  -0.98    
  -1.5     
  -0.27    
  -1.5     
  -0.11    
  -1.7     

QACC_SMOOTH
   14      
  -2.1     
  -9.3     
  -5       
  -24      
  -4.4     
  -1.6e+02 
   15      
   0.52    
  -4.7e+02 
   6.7     
   1.7e+02 
  -3.5     
   6.5     
   4.7e+02 
  -0.99    
  -19      
   47      
   79      
  -1.5e+02 
   2.4e+02 
   5.2e+02 
   38      
  -45      
   70      
  -90      
  -8.8     
  -2.8e+02 

EFC_B
  -1.6e+02 
   15      
   0.76    
  -4.7e+02 
   6.8     
   1.6e+02 
  -3.4     
   6.6     
   4.7e+02 
  -1.2     
  -22      
   46      
   84      
  -1.6e+02 
   2.5e+02 
   5.2e+02 
   36      
  -46      
   65      
  -80      
  -14      
  -2.8e+02 
  -4.9e+02 
  -4.9e+02 
   7.4     
  -54      
  -11      
  -35      
  -36      
  -75      
  -45      
  -66      
  -46      
  -7.4     
  -33      
  -20      
  -23      
   14      
  -15      
   5.7     
  -22      
  -7.6     
  -20      
  -9.5     

EFC_FORCE
   0.011   
  -0.06    
  -0.012   
  -0.00049 
  -0.0028  
   0.011   
  -0.07    
  -0.0012  
  -0.00094 
   0.01    
   0.1     
   0.1     
  -0.1     
   0.1     
  -0.1     
   0.095   
   0.1     
   0.1     
   0.1     
  -0.1     
   0.1     
  -0.019   
   4       
   4       
   14      
   12      
   14      
   12      
   11      
   10      
   11      
   10      
   9       
   9.9     
   8.9     
   10      
   1.3     
   1.9     
   1.4     
   1.8     
   4.3     
   6.1     
   4.8     
   5.7     

EFC_STATE
  1
  1
  1
  1
  1
  1
  1
  1
  1
  1
  2
  2
  3
  2
  3
  1
  2
  2
  2
  3
  2
  1
  1
  1
  1
  1
  1
  1
  1
  1
  1
  1
  1
  1
  1
  1
  1
  1
  1
  1
  1
  1
  1
  1

QFRC_CONSTRAINT
  -0.066   
  -0.72    
   1.6e+02 
   0.57    
  -4       
   0.068   
   0.011   
  -0.06    
  -0.012   
   4       
  -0.0028  
   0.011   
  -0.07    
  -0.0012  
  -4       
   0.01    
  -2.7     
  -2.5     
  -1.9     
   0.42    
  -2.4     
  -3.1     
   0.97    
   1.5     
   0.28    
   1.5     
   0.12    
   1.7     

QFRC_INVERSE
   0       
   0       
   0       
   0       
   0       
   0       
   0       
   0       
   0       
   0       
   0       
   0       
   0       
   0       
   0       
   0       
   0       
   0       
   0       
   0       
   0       
   0       
   0       
   0       
   0       
   0       
   0       
   0       

CACC
   0         0         0        -0        -0         9.8     
   0.14     -0.011     0.24     -0.0057   -0.037     9.8     
   0.14     -0.011     0.24     -0.0057   -0.037     9.8     
   0.14      0.0035    0.24     -0.0099   -0.038     9.8     
   0.15      0.005     0.23     -0.01     -0.034     9.8     
   0.15      0.0037    0.24     -0.0093   -0.034     9.8     
   0.15      0.011     0.24     -0.0097   -0.034     9.8     
   0.15      0.01      0.24     -0.009    -0.034     9.8     
   0.15      0.01      0.24     -0.009    -0.034     9.8     
   0.14     -0.018     0.24     -0.0039   -0.037     9.8     
   0.15     -0.016     0.23     -0.0042   -0.034     9.8     
   0.15     -0.016     0.24     -0.0047   -0.034     9.8     
   0.15     -0.019     0.24     -0.0045   -0.034     9.8     
   0.15     -0.019     0.24     -0.0047   -0.034     9.8     
   0.15     -0.019     0.24     -0.0047   -0.034     9.8     
   0.0098   -0.027     0.12     -0.014    -0.049     9.8     
   0.1      -0.014     0.014    -0.022    -0.054     9.8     
   0.16     -0.48      0.0078   -0.038    -0.056     9.8     
   0.066     0.29      0.018     0.1      -0.04      9.8     
   0.096     0.039     0.015     0.017    -0.05      9.8     
   0.27      0.06      0.015     0.025    -0.12      9.8     
   0.063    -0.02      0.17      0.00042  -0.043     9.8     
   0.12     -0.015     0.1       0.0059   -0.045     9.8     
   0.081     0.38      0.099     0.019    -0.043     9.8     
   0.15     -0.36      0.1      -0.12     -0.057     9.8     
   0.11      0.13      0.1       0.052    -0.04      9.8     
   0.2       0.14      0.1       0.056    -0.075     9.8     

CFRC_INT
   2.4e-16  -2.4e-15   3.9e-16  -1.5e-15  -2.3e-15  -2.8e-14 
   2.4e-16  -2.4e-15   3.9e-16  -1.5e-15  -2.3e-15  -2.8e-14 
   0.00018  -0.0014   -6.7e-06  -2e-05    -9.3e-05   0.019   
   4.1       0.3       0.028    -0.12     -0.11      18      
   3.5       0.27      0.025    -0.099    -0.08      15      
   2.6       0.22      0.02     -0.074    -0.049     10      
   1.9       0.17      0.015    -0.053    -0.031     7.3     
   0.8       0.061     0.0065   -0.023    -0.0094    2.9     
   0.8       0.061     0.0065   -0.023    -0.0093    2.9     
  -4        -0.57      0.017     0.084    -0.085     18      
  -3.4      -0.47      0.016     0.074    -0.061     15      
  -2.6      -0.33      0.013     0.057    -0.035     10      
  -1.8      -0.23      0.01      0.041    -0.021     7.2     
  -0.77     -0.11      0.0046    0.018    -0.0051    2.9     
  -0.77     -0.11      0.0046    0.018    -0.0051    2.9     
  -0.89      0.87     -0.063     2.4      -2.6      -55      
  -1.5       0.29     -0.068     2.4      -2.6      -63      
  -2.2       0.096    -0.07      2.5      -2.5      -71      
  -2.9       0.14     -0.068     2.4      -2.5      -81      
  -3.3       0.091    -0.067     2.4      -2.5      -87      
  -3.3       0.088    -0.067     2.4      -2.5      -88      
   0.67     -0.2       0.013    -2.4       3.1      -25      
   1.4      -0.63      0.0096   -2.4       3.1      -33      
   2.1      -0.66      0.0082   -2.4       3.2      -42      
   2.8      -0.52      0.011    -2.3       3.2      -51      
   3.2      -0.55      0.011    -2.3       3.2      -57      
   3.3      -0.56      0.011    -2.3       3.2      -58      

CFRC_EXT
   0         0         0         0         0         0       
   0         0         0         0         0         0       
   0         0         0         0         0         0       
   0         0         0         0         0         0       
   0         0         0         0         0         0       
   0         0         0         0         0         0       
   0         0         0         0         0         0       
   0         0         0         0         0         0       
   0         0         0         0         0         0       
   0         0         0         0         0         0       
   0         0         0         0         0         0       
   0         0         0         0         0         0       
   0         0         0         0         0         0       
   0         0         0         0         0         0       
   0         0         0         0         0         0       
   0         0         0         0         0         0       
   0         0         0         0         0         0       
   0         0         0         0         0         0       
   0         0         0         0         0         0       
   0         0         0         0         0         0       
   3.8      -0.33      0.067    -2.4       2.5       95      
   0         0         0         0         0         0       
   0         0         0         0         0         0       
   0         0         0         0         0         0       
   0         0         0         0         0         0       
   0         0         0         0         0         0       
  -3.7       0.31     -0.01      2.3      -3.2       65      

